
% rebase('templates/chapter.html', title="Bridge Card Game")
 
<center><h1>Bridge Card Game</h1></center>
<hr/>

<p>
	<div>

		<h2>Distribution of Suit Splits</h2>


<p>
	Imagine that randomly shuffled cards are split between <b>two</b> equal sized <a href="https://en.wikipedia.org/wiki/Glossary_of_card_game_terms">hands</a>. Across the two hands there are a known number of cards of a particular suit (eg spades), and you want to know how many are in one hand and how many are in the other. What is the probability of the split? This problem comes up in the game of <a href="https://en.wikipedia.org/wiki/Contract_bridge">bridge</a>, one of the most popular card games. You do not need to know the rules of bridge to follow this example.
</p>

<p>

$k$, the number of cards in each player's hand: <input onchange="redrawGraph()" type="number" class="form-control example-inline-input mb-1" id="k" min="0" max="26" value="13" step = "1">

<br/>

$n$, the number of cards of particular suit among the two hands: <input onchange="redrawGraph()" type="number" class="form-control example-inline-input" id="n" min="0" max="13" value="5" step = "1">
</p>
<p>A few notes: If there are $k$ cards in each of the 2 hands there are $2 k$ cards total. At the start of a game of bridge $k=13$. It must be the case that $n \leq 2  k$ because you can't have more cards of the suit left than number of cards! If there are $n$ of a suit, then there are $2k -n$ of other suits. This problem assumes that the cards are properly shuffled.

</p>

<b>Probability of different splits of the suit:</b>

	<p>Let $Y$ be a random variable representing the number of the suit in hand one. We can calculate the probability that $Y$ equals different values $i$ by counting equally likely outcomes.
$$\p(Y = i) = \frac
	{ {n \choose i} \cdot {2\cdot k-n \choose k-i} }
	{ {2\cdot k \choose k}}$$
	<p>Can you figure out how we came up with that formula? It uses equally likely outcomes where each element in the sample set is a chosen set of $k$ cards  to be dealt to one player (out of $2k$ cards which go to both).</p>
<canvas id="bridgeGraphEqual" style="max-height: 500px"></canvas>

<p>
	If we want to think about the probability of a given split, it is sufficient to chose one hand (call it "hand one") and think about the probability of the number of the given suit in that hand. Though there are two hands, if I tell you how many of a suit are in one hand, you can automatically figure out how many of the suit are in the other hand: recall that the number of the suit sums to $n$. 
	</p>


<div style="height:20px"></div>

<b>Probability that either hand has at least $j$ cards of suit</b>
<p>Let $X$ be a random variable representing the highest number of cards of the suit in <i>either</i> hand. We can calculate the probability by using probability of or.
$$\p(X \geq j) = 1 - \sum_{i=n-j+1}^{j - 1}\p(Y= i)$$
<canvas id="bridgeGraphOver" style="max-height: 500px"></canvas>
</div>
</p>

<p>
	<div class="">
		<h2>Distribution of Hand Strength</h2>

		<p>The way folks play bridge is that they make a calculation about their "hand strength" and then make decisions based off that number. The strength of your hand is a number which is equal to 4 times the number of "aces", 3 times the number of "kings", 2 times the number of "queens" and 1 times the number of "jacks" in your hand. No other cards contribute to your hand strength. Lets consider your hand strength to be a random variable and compute its distribution. It seems complex to compute by hand -- but perhaps we could run a simulation? Here we simulate a million deals of bridge hands, calculate the hand strengths, and use that to approximate the the distribution of hand strengths:
<canvas id="bridgePoints" style="max-height: 500px"></canvas>

<p>Here is the pseudo code used to simulate</p>
<pre class="language-python"><code></code></pre>

<p>You might notice that at first blush this looks a lot like a poisson with rate $\lambda = 10$. First, lets consider why the rate might be 10. Let $X_i$ be the points of a given card $i$.  Since each card value is equally likely $\p(X_i=x) = \frac{1}{13}$. The expectation of points for each card is $\E[X] = \sum_x x \cdot \p(X_i=x) = (1+2+3+4)\frac{1}{13}$. Let $H$ be the value of a hand. The value of a hand is the sum of the value of each card: 
	$$
	\begin{align}\E[H] &= \sum_{i\in \{1 \dots 13\}} \E[X_i] \\&= 13 \cdot \E[X_i] \\&= 13 \cdot (1+2+3+4)\frac{1}{13} = 10\end{align}$$
Saying that $H$ is approximately $\sim \Poi(\lambda=10)$ is an interesting claim. It suggests that points in a hand come at a constant rate, and that the next point in your hand is independent of when you got your last point. Of course this second part of the assumption is mildly violated. There are a fixed set of cards so getting one card changes the probabilities of others. For this reason the poisson is a close, but not perfect approximation.

<h2>Joint distribution of hand strength among two hands</h2>
<p>In most card games it doesn't just matter how strong your hand is, but the relative strength of your hand and another hand. In bridge, you play with a partner. We know that the two hands are not independent of each other. If I tell you that your partner has a strong hand, that means there are fewer "high value" cards that can be in your hand, and as such by belief in your strength has changed.  If you think about each player's hand strength as a random variable, we care about the joint distribution of hand strength.
<p>
	<div style=""id="my_dataviz"></div>
</p>

<p>Finally lets consider the conditional distribution of your partners points given your points:</p>

Your points: <input onchange="redrawCondGraph()" type="number" class="form-control example-inline-input mb-3" id="yourPoints" min="0" max="26" value="13" step = "1">
<canvas id="partnerPoints" style="max-height: 500px"></canvas>

	</div>
</p>

<script>

let charts = {}

$(document).ready(function() {
	redrawGraph()
	drawPointsDistribution()
	drawJointPoints()
})

function redrawCondGraph() {
	let yourPoints = parseInt($("#yourPoints").val())

	let partnerDist = []
	let original = BRIDGE_JOINT[yourPoints]
	for (var i = 0; i < original.length; i++) {
		partnerDist.push(original[i])
	}
	normalize([partnerDist])

	let dataCond = []
	for(let i = 0; i < partnerDist.length; i++) {
		let pr = partnerDist[i]
		dataCond.push([i, pr.toFixed(5)])
	}
	drawGraph(charts, 'partnerPoints', dataCond, 'x', 'Pr(Partner = x)')

}

function redrawGraph() {
	let n = parseInt($("#n").val())
	let k = parseInt($("#k").val()) * 2

	let dataEqual = []
	for(let j = 0; j <= n; j++) {
		let prEqual = calcPrEqual(k, n, j)
		let x = `(${j}, ${n-j})`
		dataEqual.push([x, prEqual.toFixed(3)])
	}
	drawGraph(charts, 'bridgeGraphEqual', dataEqual, 'Split (i, n-i)', 'Pr(Y = i)')

	let dataOver = []
	for(let j = 0; j <= n; j++) {
		let prOverJ = calcPrOverJ(k, n, j)
		dataOver.push([j, prOverJ.toFixed(3)])
	}
	drawGraph(charts, 'bridgeGraphOver', dataOver, 'Values of j', 'Pr(X ≥ j)')
}

function calcPrOverJ(k, n, j) {
	let pr = 1;
	let gapMin = (n - j) + 1
	let gapMax = j - 1
	for (var i = gapMin; i <= gapMax; i++) {
		pr -= calcPrEqual(k, n, i)
	}

	return pr
}

function calcPrEqual(k, n, i) {


	let denom = jStat.combination(k,k/2)
	let t1 = jStat.combination(n, i)
	let t2 = 0
	if(k/2 - i <= k -n ) {
		t2 = jStat.combination(k - n, k/2-i)
	}
	return t1 * t2 / denom
}

function drawJointPoints() {
	let pointsData = BRIDGE_JOINT
	normalize(pointsData)
	drawGrid(charts, 'my_dataviz', pointsData)
	redrawCondGraph()
}

function drawPointsDistribution() {
	let pointsData = [
		[0,0.003629],
		[1,0.00786275],
		[2,0.01351425],
		[3,0.024557],
		[4,0.03853875],
		[5,0.05182025],
		[6,0.0658735],
		[7,0.080111],
		[8,0.08886475],
		[9,0.093599],
		[10,0.0940935],
		[11,0.0895525],
		[12,0.08019275],
		[13,0.068997],
		[14,0.05687775],
		[15,0.044275],
		[16,0.03302275],
		[17,0.0237395],
		[18,0.01612125],
		[19,0.01031075],
		[20,0.00642275],
		[21,0.0037975],
		[22,0.0020915],
		[23,0.0011035],
		[24,0.0005705],
		[25,0.0002675],
		[26,0.0001195],
		[27,0.00004425],
		[28,0.0000195],
		[29,0.00000775],
		[30,0.0000015]
	]
	drawGraph(charts, 'bridgePoints', pointsData, 'x points in your hand', 'Pr(X=x)')
}

BRIDGE_JOINT = [[4,36,83,187,295,561,956,1372,2014,2548,3122,3640,3880,4044,4042,3610,3119,2837,2112,1658,1214,811,529,315,208,118,50,38,15,5,2],
[36,96,223,463,974,1549,2455,3557,4786,5815,7065,7919,8526,8760,8334,7592,6587,5573,4334,3257,2464,1567,1029,646,352,202,110,39,22,10,3],
[83,223,480,1036,1970,3157,4922,6813,8869,11134,12687,14216,14888,14876,13976,12553,11041,8879,6840,5154,3677,2441,1437,910,541,277,181,71,30,10,6],
[187,463,1036,2238,4172,6499,9700,13568,17255,21259,24614,26642,27036,26554,24772,21865,18403,14792,11079,8307,5660,3769,2300,1320,783,375,188,86,30,14,7],
[295,974,1970,4172,7484,11402,16962,23385,29576,35056,39710,42755,43233,40967,38116,32856,26954,21252,15810,11069,7596,4873,2911,1639,918,415,223,84,34,8,5],
[561,1549,3157,6499,11402,17408,24889,34801,42558,49760,55272,58287,57536,54546,48902,41380,33486,26005,18475,13074,8609,5428,3059,1777,888,429,216,82,34,7,2],
[956,2455,4922,9700,16962,24889,35190,47501,57819,65760,72304,74626,72622,67671,60052,49119,39006,29384,20966,14286,9137,5542,3137,1665,866,397,192,73,29,7,3],
[1372,3557,6813,13568,23385,34801,47501,62946,75202,85028,91182,92602,88417,80169,69357,55949,43842,31957,22130,14839,9293,5339,2840,1567,706,310,147,47,17,7,0],
[2014,4786,8869,17255,29576,42558,57819,75202,88946,97770,102889,102988,96137,85596,72411,57169,43796,31017,20891,13594,8288,4604,2458,1256,564,250,99,31,12,2,2],
[2548,5815,11134,21259,35056,49760,65760,85028,97770,106126,109734,107457,98910,85362,70878,55042,40580,28427,18496,11543,6781,3818,1838,923,437,156,67,16,5,2,0],
[3122,7065,12687,24614,39710,55272,72304,91182,102889,109734,110988,106614,95617,80768,65595,49582,36154,24555,15583,9358,5319,2758,1382,606,259,78,25,10,0,0,0],
[3640,7919,14216,26642,42755,58287,74626,92602,102988,107457,106614,100378,87800,73056,57425,42358,29423,19626,11964,6976,3899,1962,844,365,144,50,14,6,0,0,0],
[3880,8526,14888,27036,43233,57536,72622,88417,96137,98910,95617,87800,74848,60663,46687,33511,22835,14573,8593,4785,2597,1209,509,201,66,28,7,1,0,0,0],
[4044,8760,14876,26554,40967,54546,67671,80169,85596,85362,80768,73056,60663,48298,36195,25055,16486,10038,5677,3138,1530,673,278,74,39,10,2,1,0,0,0],
[4042,8334,13976,24772,38116,48902,60052,69357,72411,70878,65595,57425,46687,36195,26012,17508,11135,6684,3596,1842,839,350,134,48,13,3,0,0,0,0,0],
[3610,7592,12553,21865,32856,41380,49119,55949,57169,55042,49582,42358,33511,25055,17508,10980,6906,3930,2034,1051,442,154,51,12,5,1,0,0,0,0,0],
[3119,6587,11041,18403,26954,33486,39006,43842,43796,40580,36154,29423,22835,16486,11135,6906,4004,2133,996,451,170,67,20,2,0,0,0,0,0,0,0],
[2837,5573,8879,14792,21252,26005,29384,31957,31017,28427,24555,19626,14573,10038,6684,3930,2133,1108,502,196,79,28,9,0,0,0,0,0,0,0,0],
[2112,4334,6840,11079,15810,18475,20966,22130,20891,18496,15583,11964,8593,5677,3596,2034,996,502,180,66,20,9,0,0,0,0,0,0,0,0,0],
[1658,3257,5154,8307,11069,13074,14286,14839,13594,11543,9358,6976,4785,3138,1842,1051,451,196,66,22,5,0,0,0,0,0,0,0,0,0,0],
[1214,2464,3677,5660,7596,8609,9137,9293,8288,6781,5319,3899,2597,1530,839,442,170,79,20,5,0,0,0,0,0,0,0,0,0,0,0],
[811,1567,2441,3769,4873,5428,5542,5339,4604,3818,2758,1962,1209,673,350,154,67,28,9,0,0,0,0,0,0,0,0,0,0,0,0],
[529,1029,1437,2300,2911,3059,3137,2840,2458,1838,1382,844,509,278,134,51,20,9,0,0,0,0,0,0,0,0,0,0,0,0,0],
[315,646,910,1320,1639,1777,1665,1567,1256,923,606,365,201,74,48,12,2,0,0,0,0,0,0,0,0,0,0,0,0,0,0],
[208,352,541,783,918,888,866,706,564,437,259,144,66,39,13,5,0,0,0,0,0,0,0,0,0,0,0,0,0,0,0],
[118,202,277,375,415,429,397,310,250,156,78,50,28,10,3,1,0,0,0,0,0,0,0,0,0,0,0,0,0,0,0],
[50,110,181,188,223,216,192,147,99,67,25,14,7,2,0,0,0,0,0,0,0,0,0,0,0,0,0,0,0,0,0],
[38,39,71,86,84,82,73,47,31,16,10,6,1,1,0,0,0,0,0,0,0,0,0,0,0,0,0,0,0,0,0],
[15,22,30,30,34,34,29,17,12,5,0,0,0,0,0,0,0,0,0,0,0,0,0,0,0,0,0,0,0,0,0],
[5,10,10,14,8,7,7,7,2,2,0,0,0,0,0,0,0,0,0,0,0,0,0,0,0,0,0,0,0,0,0],
[2,3,6,7,5,2,3,0,2,0,0,0,0,0,0,0,0,0,0,0,0,0,0,0,0,0,0,0,0,0,0]]
</script>